2915993
2008456
2253450
1473962
2825910
2394313
3131601
3133751
3146975
3185924
3179994
3206621
3275005
3271164
3241576
3251556
1640065
3202758
3204686
3707558
3392328
2790333
2802804
2537990
1837582
2769429
2775154
2691155
2644948
2364487
2382903
2483055
2539809
2537990
2663739
923968
2504474






2728611
2386297
2364487
3393451
2537990
3119569
1387582
2483055
2751830
3123185
3233071
1812235
3121790
3186902
3180681
2386297
2802445
3124583
3170983
2650982
3363283
2364487
3859741
3990555
1812235
3757674
4079743
3018196
3998254

ssis-979
2670288
3967987
3879833
3990555
3110355
3028874
3133741
2751698
4050715
1734493
4028824
4025269
4100645
